Wwaves
0.0287536
0.0335458
0.0383381
0.0431303
0.0479226
0.0527149
0.0575071
0.0622994
0.0670916
0.0718839
0.0766762
0.0814684
0.0862607
0.0910529
0.0958452
0.100637
0.10543
0.110222
0.115014
0.119806
0.124599
0.129391
0.134183
0.138976
0.143768
0.14856
0.153352
0.158145
0.162937
0.167729
0.172521
0.177314
0.182106
0.186898
0.19169
0.196483
0.201275
0.206067
0.210859
0.215652
0.220444
0.225236
0.230028
0.234821
0.239613
0.244405
0.249198
0.25399
0.258782
0.263574
0.268367
0.273159
0.277951
0.282743
0.287536
0.292328
0.29712
0.301912
0.306705
0.311497
0.316289
Twaves
218.519
187.302
163.889
145.679
131.111
119.192
109.259
100.855
93.6508
87.4074
81.9444
77.1242
72.8395
69.0058
65.5556
62.4339
59.596
57.0048
54.6296
52.4444
50.4274
48.5597
46.8254
45.2107
43.7037
42.2939
40.9722
39.7306
38.5621
37.4603
36.4198
35.4354
34.5029
33.6182
32.7778
31.9783
31.2169
30.491
29.798
29.1358
28.5024
27.896
27.3148
26.7574
26.2222
25.7081
25.2137
24.7379
24.2798
23.8384
23.4127
23.0019
22.6054
22.2222
21.8519
21.4936
21.147
20.8113
20.4861
20.1709
19.8653
Kwaves
0.000515602
0.000602519
0.000689895
0.0007778
0.000866303
0.000955478
0.0010454
0.00113614
0.00122778
0.0013204
0.00141409
0.00150893
0.00160501
0.00170242
0.00180126
0.00190164
0.00200365
0.00210741
0.00221304
0.00232063
0.00243034
0.00254227
0.00265657
0.00277337
0.00289283
0.00301508
0.00314029
0.00326862
0.00340024
0.00353531
0.00367401
0.00381652
0.00396302
0.00411369
0.00426871
0.00442828
0.00459256
0.00476174
0.00493599
0.00511546
0.00530031
0.00549069
0.00568672
0.00588851
0.00609617
0.00630977
0.00652938
0.00675503
0.00698676
0.00722457
0.00746845
0.00771837
0.00797431
0.00823619
0.00850398
0.00877759
0.00905696
0.00934201
0.00963265
0.00992881
0.0102304
Gwaves
0
0
0
0
0
0
0
0
0
0
0
0
0
0
0
0
0
0
0
0
0
0
0
0
0
0
0
0
0
0
0
0
0
0
0
0
0
0
0
0
0
0
0
0
0
0
0
0
0
0
0
0
0
0
0
0
0
0
0
0
0
Lwaves
12186.1
10428.2
9107.45
8078.15
7252.87
6575.96
6010.33
5530.3
5117.52
4758.54
4443.28
4164.01
3914.74
3690.74
3488.21
3304.09
3135.86
2981.47
2839.17
2707.53
2585.32
2471.49
2365.15
2265.54
2171.99
2083.92
2000.83
1922.27
1847.87
1777.27
1710.17
1646.31
1585.46
1527.39
1471.92
1418.88
1368.12
1319.51
1272.93
1228.27
1185.44
1144.33
1104.89
1067.02
1030.68
995.786
962.295
930.149
899.299
869.697
841.297
814.056
787.929
762.875
738.852
715.821
693.741
672.573
652.28
632.824
614.167
Awaves
0.05
0.05
0.05
0.05
0.05
0.05
0.05
0.05
0.05
0.05
0.05
0.05
0.05
0.05
0.05
0.05
0.05
0.05
0.05
0.05
0.05
0.05
0.05
0.05
0.05
0.05
0.05
0.05
0.05
0.05
0.05
0.05
0.05
0.05
0.05
0.05
0.05
0.05
0.05
0.05
0.05
0.05
0.05
0.05
0.05
0.05
0.05
0.05
0.05
0.05
0.05
0.05
0.05
0.05
0.05
0.05
0.05
0.05
0.05
0.05
0.05
Pwaves
0.263894
2.94053
2.10487
3.14788
1.06814
4.55531
3.00965
2.25566
6.05071
2.92168
4.43593
0.917345
1.77186
5.20248
6.04442
3.09133
6.25805
5.92504
5.20248
2.74575
2.46301
3.80133
5.67372
0.967611
1.84097
2.40646
2.6515
4.50504
4.51761
5.62973
2.81487
4.56788
4.85062
3.38664
5.46637
5.73655
4.19717
1.88496
0.226195
5.62345
4.42336
5.10195
2.02947
2.09858
4.23487
4.17832
0.892212
4.47363
1.59593
5.46009
3.44319
4.05265
4.16575
4.76265
0.238761
5.40354
4.54903
4.66212
3.33009
4.8946
1.99177
