Wwaves
0.0292493
0.0389991
0.0487489
0.0584986
0.0682484
0.0779982
0.0877479
0.0974977
0.107247
0.116997
0.126747
0.136497
0.146247
0.155996
0.165746
0.175496
0.185246
0.194995
0.204745
0.214495
0.224245
0.233994
0.243744
0.253494
0.263244
0.272994
0.282743
0.292493
0.302243
0.311993
0.321742
Twaves
214.815
161.111
128.889
107.407
92.0635
80.5556
71.6049
64.4444
58.5859
53.7037
49.5726
46.0317
42.963
40.2778
37.9085
35.8025
33.9181
32.2222
30.6878
29.2929
28.0193
26.8519
25.7778
24.7863
23.8683
23.0159
22.2222
21.4815
20.7885
20.1389
19.5286
Kwaves
0.000524574
0.000701987
0.000881628
0.0010641
0.00125004
0.00144013
0.00163509
0.0018357
0.0020428
0.00225731
0.00248023
0.00271263
0.0029557
0.0032107
0.00347899
0.003762
0.00406125
0.00437826
0.00471457
0.00507165
0.00545084
0.0058533
0.00627995
0.00673141
0.00720797
0.00770966
0.00823619
0.00878713
0.00936187
0.00995976
0.0105801
Gwaves
0
0
0
0
0
0
0
0
0
0
0
0
0
0
0
0
0
0
0
0
0
0
0
0
0
0
0
0
0
0
0
Lwaves
11977.7
8950.57
7126.8
5904.69
5026.37
4362.92
3842.72
3422.78
3075.77
2783.48
2533.31
2316.27
2125.78
1956.95
1806.04
1670.17
1547.11
1435.09
1332.72
1238.88
1152.7
1073.44
1000.51
933.413
871.699
814.976
762.875
715.044
671.146
630.857
593.866
Awaves
0.05
0.05
0.05
0.05
0.05
0.05
0.05
0.05
0.05
0.05
0.05
0.05
0.05
0.05
0.05
0.05
0.05
0.05
0.05
0.05
0.05
0.05
0.05
0.05
0.05
0.05
0.05
0.05
0.05
0.05
0.05
Pwaves
0.263894
2.94053
2.10487
3.14788
1.06814
4.55531
3.00965
2.25566
6.05071
2.92168
4.43593
0.917345
1.77186
5.20248
6.04442
3.09133
6.25805
5.92504
5.20248
2.74575
2.46301
3.80133
5.67372
0.967611
1.84097
2.40646
2.6515
4.50504
4.51761
5.62973
2.81487
